 1   3
 1   7
 1   10
 1   12
 1   13
 1   15
 1   16
 1   20
 2   3
 2   6
 2   8
 2   9
 2   11
 2   14
 2   15
 2   18
 2   19
 3   1
 3   2
 3   5
 3   6
 3   8
 3   9
 3   11
 3   14
 3   17
 3   18
 3   19
 4   5
 4   7
 4   10
 4   12
 4   13
 4   15
 4   16
 4   20
 5   3
 5   4
 5   7
 5   10
 5   12
 5   13
 5   15
 5   16
 5   20
 6   2
 6   3
 6   7
 6   8
 6   9
 6   11
 6   14
 6   17
 6   18
 6   19
 7   1
 7   4
 7   5
 7   6
 7   12
 7   13
 7   15
 7   16
 7   20
 8   2
 8   3
 8   6
 8   9
 8   11
 8   14
 8   17
 8   18
 8   19
 9   2
 9   3
 9   6
 9   8
 9   11
 9   14
 9   17
 9   18
 9   19
 10   1
 10   4
 10   5
 10   12
 10   13
 10   15
 11   2
 11   3
 11   6
 11   8
 11   9
 11   13
 11   14
 11   17
 11   18
 11   19
 12   1
 12   4
 12   5
 12   7
 12   10
 12   13
 12   15
 13   1
 13   4
 13   5
 13   7
 13   10
 13   11
 13   12
 13   15
 13   16
 13   20
 14   2
 14   3
 14   6
 14   8
 14   9
 14   11
 14   17
 14   18
 14   19
 15   1
 15   2
 15   4
 15   5
 15   7
 15   10
 15   12
 15   13
 15   16
 15   19
 15   20
 16   1
 16   4
 16   5
 16   7
 16   13
 16   15
 16   20
 17   3
 17   6
 17   8
 17   9
 17   11
 17   14
 17   18
 17   19
 18   2
 18   3
 18   6
 18   8
 18   9
 18   11
 18   14
 18   17
 18   19
 19   2
 19   3
 19   6
 19   8
 19   9
 19   11
 19   14
 19   15
 19   17
 19   18
 20   1
 20   4
 20   5
 20   7
 20   13
 20   15
 20   16
